7562 7562 7562 7954 7562 7562 7562 7562 650 7562 7562 7562 7562 7954 7954 7562 7562 7562 7562 7562 7562 7562 7562 7562 7562 7562 7954 7562 7562 2192
1161 1161 3715 3715 993 6647 6647 6647 1161 1161 407 3715 3715 3715 3715 3715 3715 1161 3715 3715 3715 5879 3715 3715 3715 3715 3715 3715 993 2782
6365 6365 4215 9899 4215 4215 4215 6365 4215 4215 4215 6365 6365 6365 6365 8882 8882 6365 6365 6365 6365 6365 6365 8882 8882 6365 6365 6365 6365 8882 6365 6365 6365 6365 6365 6365 8882 6365 6365 6365 8882 9899 8882 8882 8882 8882 8882 8624 8624 8882 8882 8624 8624 7001 8882 8624 8882 8624 8882 8624 8624 8624 8624 8882 8882 8624 8882 8882 8882 8624 8624 8882 8882 8882 8882 8882 8882 9899 6365 8882 8624 8624 8624 8624 8882 8882 8624 8882 8624 335
736 736 736 736 736 736 736 608 736 736 608 736 608 736 736 736 736 4215 608 608 736 736 736 608 608 608 736 736 608 736 608 608 4215 4215 608 608 608 4215 4215 4215 4215 736 4215 4215 608 4215 608 4215 4215 4215 4215 4215 4215 4215 4215 4215 608 4215 4215 608 608 608 4215 4215 4215 4215 608 4215 4215 4215 4215 4215 4215 4215 4215 4215 6365 6365 4215 4215 608 4215 4215 4215 6365 4215 4215 6365 4215 6365 4215 335
33 33 33 7863 33 33 33 6451 33 6451 6451 33 33 33 33 33 33 33 33 33 33 33 33 33 33 33 33 33 33 33 33 33 33 33 33 33 33 33 33 33 33 33 33 33 33 33 33 6451 6451 33 33 33 33 33 33 33 33 33 33 33 33 33 33 33 33 33 33 6451 33 33 33 33 33 33 33 33 33 7863 33 33 7863 7863 7863 358
1745 1745 1745 1745 1745 1745 1745 1745 1745 1745 1745 1745 1745 1745 1745 1745 1745 1745 1745 1745 1745 1745 1745 1745 1745 1745 1745 1745 1745 1745 1745 1745 1745 1745 1745 1745 1745 1745 1745 1745 1745 1745 1745 1745 1745 1745 1745 1745 1745 1745 1745 1745 1745 1745 1745 1745 1745 1745 1745 1745 1745 1745 1745 1745 1745 1745 1745 1745 1745 1745 129
7958 3979 6323 3979 2428 2428 3979 3979 3979 2428 2428 6323 2428 2428 3979 2428 2428 6323 6323 6323 6323 6323 3979 2428 6323 3979 6323 3979 5019 6323 2428 6323 6323 3979 5019 3979 6323 6323 6323 6323 129
196 7810 196 196 7810 7810 196 5019 7810 7810 5019 5019 5019 5019 122
2732 2732 2732 122
4809 4809 4809 6975 4809 6975 6975 4809 6975 6975 4809 4809 6975 6975 6975 6975 6975 6975 4809 6975 6975 6975 6975 6975 6975 6975 6975 6975 6975 714
7810 7810 7810 7810 7810 7810 7810 7810 7810 7810 7810 7810 7810 7810 7810 7810 7810 7810 7810 7810 196 7810 7810 7810 196 7810 7810 7810 7810 7810 7810 7810 196 196 5019 196 5019 196 5019 196 5019 5019 5019 5019 196 196 196 5019 7810 7810 7810 7810 7810 196 196 7810 7810 7810 7810 7810 7810 7810 7810 7810 7810 7810 7810 122
1781 1781 1781 1781 1781 389 1781 6653 1781 6653 6653 1781 1781 6653 6653 389 1781 1781 104 1781 1781 6653 6653 6653 6653 6653 6653 389 389 389 389 1781 1781 1781 1781 1781 1781 1781 1781 1781 1781 6653 389 6653 6653 6653 6653 389
9637 7911 7911 7911 9637 7911 7911 7911 7911 7911 7911 9637 9637 7911 7911 9637 7911 7911 7911 7911 9637 7911 7911 7911 7911 7911 7911 9637 9637 9637 9637 9637 9637 9637 9637 7911 7911 7911 9637 9637 7911 7911 7911 7911 7911 7911 9637 7911 7911 7911 7911 7911 7911
5489 5489 5489 5489 7863 33 33 33 33 5489 5489 5489 5489 5489 5489 7863 5489 2873 7863 7863 5489 5489 5489 5489 5489 7863 7863 5489 5489 5489 9637 5489 5489 5489 7863 7863 5489 7863 7863 2873 7863 33 2873 5489 5489 5489 7863 2873 5489 5489 5489 5489 9637 5489 5489 5489 5489 5489 5489 7863 2873 5489 5489 5489 5489 5489 5489 5489 5489 7863 2873 2873 5489 5489 129
2984 650 2984 2984 2984 2984 650 2984 2984 2984 2984 2984 2984 2984 2984 2984 2984 2984 2984 2984 2984 2984 2984 2984 2984 650 2984 2984 2984 2984 650 2984 2984 2984 2984 2984
2984 2984 2984 2984 2984 2984 2984 4478 2984 2984 2984 2984 2984 2984 2984 2984 2984 2984 2984 2984 2984 2984 2984 2984 2984 2984 2984 2984 2984 2984 2984 2984 2984 2984 4478 650 2984 650 650 2984 2984 2984 2984 2984 2984 2984 2984 2984 2984 2984 2984 2984 2984 2984 2984 2984 2984 2984 2984 2984 2984 2984 2984 2984 2984 2984 2984 2984 2984 2984 2984 2984 2984 2984 2984 2984 2984 2984 2984 2984 2984 2984 2984 2984 2411 2984 2984 2984 2984 2984 2984 2984 2984 2984 2984 2984 2984 2984 2984 2984 2984 2984 2984 2984 565
9818 806 9818 9818 9818 9818 9818 9818 9818 9818 9818 9818 9818 9818 9818 9818 9818 9818 7001 9818 806 9818 9818 9818 9818 9818 104 9818 9818 104 9818 9818 9818 9818 9818 9818 9818 9818 9818 9818 104 104 104 9818 9818 104 104 104 104 104 9818 9818 9818 104 9907 9907 9818 9818 9818 9818 565
736 736 4215 608 4215 4215 736 736 736 736 608 736 4215 4215 608 608
8197 8197 8197 8197 8197 803 8197 8559 5316 5316 8197 5316 8197 5023 2936 8197 8197 8197 8197 8197 8197 803 8197 8559 8197 7440 8197 5023 8197 8197 8197 8197 8197 5023 8197 7440 8197 8197 8197 2946
8197 8197 8197 8197 8197 8197 803 8197 8197 803 8197 8197 803 8197 8197 8197 8197 803 8197 8197 8197 8197 8197 8197 8197 8197 8197 8197 8197 8197 8197 8197 8197 8197 8197 8559 8197 8197 8197 8197 8197 8197 8197 338
1413 2520 2520 1413 2520 2520 2520 1413 1413 1413 2520 1413 2520 1413 2520 2520 2520 210 1413 1413 1413 1413 1413 1413 1413 1413 1413 1413 1413 210 1413 1413 1413 906
2334 9679 9679 9679 9679 9679 9679 2486 2486 9679 2486 2486 2486 9679 9679 2486 9679 9679 9679 9679 9679 9679 9679 9679 9679 9679 9679 2486 2486 2486 3253 2486 9679 9679 2486 9679 3253 2486 2486 9679 2334 2486 2334 2486 9679 9679 9679 2486 2334 2486 2486 9679 9679 9679 2486 9679 2486 2486 9679 9679 9679 2486 9679 9679 3253 2334 2334 2334 2486 2486 3253 2334 2334 2334 3253 2486 3253 2334 2334 2334 3253 2334 2334 2334 2486 2486 2334 2334 3108 2334 2486 3253 3108 3253 1596 2334 2334 2486 2486 873 2486 2486 2486 786 9679 5873
6789 1596 1596 1596 1596 2334 1596 3108 2334 3253 3253 3253 3253 3108 3253 2334 2334 2334 3253 1596 3253 873 5428 2334 2334 3253 2334 2334 1596 2334 3253 2334 9679 3253 1596 1596 1596 2334 3253 3253 3108 3253 1596 2334 3253 1596 1596 1596 3108 3253 1596 1596 1596 2837
9577 28 28 9577 28 9577 28 28 9577 4334 9577 9577 28 28 28 28 9577 28 28 28 28 28 28 28 28 28 28 28 28 28 28 2480 28 28 28 28 28 28 28 28 28 28 28 28 28 28 28 28 28 28 28 28 2834 28 28 28
6449 9890 210 1344 3050 7573 2048 6449 7573 2048 6769 2048 7573 7573 2048 990 5930 2520 990 8400 6861 987 8400 123 3606 2520 990 990 5705 3606 5523 2048
873 5222 2258 9710 644 4508 7308 192 4478 7779 620 148 5076 5428 7648 6889 1596 2334 60 2286 7932 7970 2519 7988 9525 5129 2145 6889 8114 975 7864 60 2974 8369 8330 545
28 1596 9470 4947 6358 9950 9577 6789 9950 6789 8892 28 3772 6972 28 9577 192 6358 6716 9430 3772 2180 9950 1596
7752 7752 7752 7752 7752 7752 7752 7752 7752 7752 7752 7752 7752 7752 7752 7752 7752 7752 7752 7752 7752 7752 7752 7752 7752 7752 7752 7752 7752 7752 7752 7752 7752 7752 7752 7752 7752 7752 7752 7752 7752 7752 7752 7752 7752 7752 6267 7752 7752 7752 7752 7752 7752 7752 7752 7752 7752 7752 7752 7752 7752 7752 7752 7752 7752 7752 7752 7752 7752 7752 7752 7752 7752 7590 7752 6270 7752 6270 371 7752 7752 371 7752 7752 6270 1775 6270 1775 1775 1775 6270 1775 1775 6270 1775 371 1775 1775 1775 1775 1775 1775 1775 1775 1775 1775 1775 1775 1775 1775 1775 1775 1775 1775 371 1775 1775 1775 6270 1775 1775 1775 1775 1775 1775 1775 1775 1775 1775 1775 1775 1775 1775 1775 1775 1775 1775 1775 6188
9098 9098 9098 9098 9098 9098 9098 9098 4199 4199 4008 9098 9098 9098 9098 4008 9098 9098 4199 9098 9098 9098 9098 9098 9098 9098 9098 9098 9098 9098 9098 9098 9098 9098 9098 4199 9098 9098 9098 9098 9098 9098 9098 9098 9098 9098 9098 9098 9098 9098 9098 9098 9098 9098 9098 9098 9098 7577 9098 9098 9098 9098 9098 9098 9098 9098 9098 9098 9098 9098 9098 4199 4199 9098 9098 9098 9098 4008 4008 4008 9098 4008 9098 4008 4008 4008 4008 4008 4008 4008 4008 351 4008
351 944 351 351 4008 944 351 351 4008 944 4008 351 351 4008 4008 351 4008 351 4008 4008 4008 4008 4008 4008 4008 4008 4008 4008 4008 4008 4008 4008 4008 4008 4008 4008 4008 4008 4008 4008 4008 4008 4008 4008 9098 4008 4008 4008 4008 4008
3291 1525 5539 1525 1525 1525 1525 4645 1525 5539 5539 9613 3291 3360 9613 9613 9613 3360 3360 5539 5539 5539 3291 5539 8911 9613 9613 9613 8911 3360 9613 3360 9613 9613 9613 3360 3360 3360 9613 5539 3291 5539 6596 8911 8911 3360 9613 3360 9613 9613 5539 5539 4645 4645 1525 3291 3291 3291 3291 3291 3291 5539 9613 5539 3291 5539 2493 9613 5539 3291 5539 3360 9613 9613 3291 9613 9613 5539 1525
8625 8625 5305 299 8625 8625 8625 8625 8625 8625 8625 8625 8625 3687 8625 8625 8625 8625 8625 8625 8625 8625 8625 8625 299 8625 8625 8625 8625 8625 8625 8625
5065 5065 5065 5065 2479 5065 5065 3883 2479 5065 2479 5065 5065 5065 5065 5065 5065 2479 5065 5065 2479 2479 2479 2479 2479 2479 2479 5065 2479 5065 5065 2479 5065 5065 2479 2479 2479 5065 5065 5065 2479 2479 2479 2479 2479 2479 2479 2479 2479 2479 5065 1227 2479 5065 5065 2479 5065 2479 5065 2479 5065 5065 2479 2479 2479 2479 2479 5065 2479 1227 2479 5065 5065 2479 5065 5065 2479 5065 2479 5065 2479 5065 5065 2917
5595 7933 5595 5595 5595 5595 31 5595 7933 5595 7933 5595 7933 7933 7933 5595 5595 7933 7933 7933 7933 7933 7933 7933 7933 7933 5595 7933 7933 7933 7933 7933 5595 7933 7933 7933 7933 7933 7933 7933 7933 7933 7933 7933 7933 7933 4694 7933 7933 5595 7933 7933 7933 7933 7933 5479
1819 8495 1819 8495 1819 8495 1819 1819 1819 1819 8495 7697 1819 1819 1819 8495 8495 8495 8495 8495 8495 8495 8495 30 8495 8495 8495 8495 8495 8495 8495 8495 1819 8495 1819 8495 8495 1819 8495 1819 1819 1819 1819 1819 1819 8495 1819 1819 1819 1819 1819 1819 1819 1819 1819 1819 1819 1819 1819 1819 8495 1819 1819 8495 1819 1819 1819 1819 1819 1819 1819 1819 1819 1819 1819 1819 1819 1819 1819 1819 1819 1819 1819 8495 8495 1819 8495 8495 1819 8495 1819 618 1819 1819 8705 1819 1819 102
43 43 43 43 43 43 5361 43 43 43 991 43 43 43 43 7187 7187 43 43 7187 43 43 43 43 43 8885 43 43 991 43 43 43 43 6688 43 43 43 43 43 43 43 43 43 6732
1583 5253 5253 5253 5253 5253 5253 2904 5253 5253 5253 5253 5253 5253 5253 5253 5253 5253 5253 1583 5253 5253 5253 5253 5253 5253 5253 1583 5253 5253 5253 5253 5253 7578 5253 5253 5253 5253 5253 5253 5253 5253 5253 5253 5253 5253 5253 5253 7578 5253 5253 1583
9134 9134 9134 9134 4142 9134 9134 9134 9134 9134 1881 9134 9134 9134 9134 9134 9134 8362 9134 390 9134 9134 9134 9134 9134 9134 8362 9134 9134 9134 9134 9134 9134 9134 9134 9134 9134 9134 9134 9134 9134 9134 8362 8362 9134 9134 9134 9134 390 9134 9134 9134 9134 9134 9134 9134 9134 9134 390 390 390 390 9134 9134 9134 9134 9134 8362 9134 9134 9134 9134 9134 9134 9134 9134 9134 9134 9134 9134 9134 9134 9134 9134 9134 9134 9134 9134 9134 9134 9134 9134 9134 9134 9134 5248
7608 7608 7608 7608 5653 7853 5653 7608 7608 7608 991 991 7608 7608 7608 7608 7608 7608 7608 991 7608 7608 7853 7608 991 7608 991 7608 991 7608 991 7608 7608 7853 7608 7608
7608 991 7608 7853 7853 7608 7608 7608 7853 7608 7608 7608 7608 991 991 991 991 7608 7608 7608 7608 7608 7853 7608 991 7608 7608 991 991 7608 991 991 7608 7608 7608 7608 7608 7608 7608 7608 7608 991 991 7608 7608 7608 7608 991 7608 991 991 7608 7608 991 7608 991 991 991 991 991 991 991 7608 7608 991 991 991 991 991 7608 7608 7608 991 7608 8151 991 7608 7853 991 7608 991 991 7853 991 7608 7608 7608 7608 991 991 991 991 3010 7608 991 991 9144
8292 8292 8292 8292 8292 8292 7696 8292 8292 8292 8292 4911 8292
3707 6043 2203 3707 2203 9297 8292 9297 8292 8292 8292 8292 8292 3707 3707 3707 3707 8292 8292 8292 8292 8292 8292 8292 8292 8292 8292 8292 8292 4911 4911 7812
2851 8504 8504 8504 8504 8504 8504 8504 8504 8504 8504 8504 8504 8504 8504 8504 8504 8504 8504 8504 8504 8504 8504 2851 8504 8504 8504 8504 8504 8504 8504 8504 8504 8504 8504 2851 2851 8504 8504 8504 1758 8504 8504 8504 8504 8504 8504 8504 8504 8504 8504 8504 8504 8504 8504 8504 8504 8504 2214
8504 8504 8504 8504 8504 8504 8504 8504 8504 8504 8504 8504 8504 8504 8504 8504 2851 8504 8504 8504 8504 5377 8504 5377 2851 8504 8504 8504 8504 8504 8504 8504 8504 8504 8504 8504 8504 8504 8504 5377 8504 8504 8504 8504 8504 8504 8504 9377
1758 8504 1758 1758 1758 1758 2875 1758 1758 1758 1758 1758 1758 1758 1758 1758 8504 1758 1758 1758 1758 1758 1758 8504 1758 1758 1758 8504 1758 1758 1758 1758 1758 8504 8504 1758 8504 1758 1758 1758 8504 1758 1758 1758 1758 8504 1758 1758 1758 1758 1758 1758 2214
1758 7495 1758 1758 1758 1758 1758 7495 1758 1758 7495 1758 7495 1758 1758 1758 1758 1758 7495 1758 1758 1758 1758 1758 7495 1758 1758 1758 7495 7495 1758 7495 1758 7495 7495 1758 1758 7495 7495 1758 7495 1758 1758 7495 7495 7495 7495 7495 1758 7495 1758 7495 1758 1758 7495 1758 1758 1758 1758 7495 1758 7495 7495 7495 7495 7495 7495 1758 1758 7495 7495 1758 7495 7495 1758 7495 7495 7495 1758 1758 1758 1758 1758 1758 7495 1758 7495 7495 7495 7917
7174 7174 7174 7174 7174 7174 7174 7174 7174 7174 4093 7174 7174 7174 7174 7174 7174 7174 4093 7174 7174 7174 7174 7174 7174 7174 7174 7174 7174 4093 7174 4093 4093 1569
6996 6996 2662 8490 5992 5992 7592 5992 5992 8835 2944 5992 5992 5992 7097 5992 5992 8490 6461 2944 7097 2759
510 7587 7587 7587 7083 510 510 7587 7083 7587 2973 510 7083 6159 2973 7083 2973 1674 6159 7083 2973 510 7083 2115 1674 7878 2973 7083 2973 2973 2973 2973 510 7587 7587 510 1674 2973 7083 510
3475 6215 6215 6215 6215 6215 6215 6215 7174 9704 6215 9704 7174 6215 7174 7174 7174 7174 7174 7174 6215 7174 6215 7174 6215 7174 7174 7174 7174 6215 6215 7174 7174 7174 6215 7143 6215 6215 6215 6215 6215 6215 6215 6215 3475 6215 6215 4399 9704 6215 6215 6215 6215 6215 6215 6215 6215 3475 7143 6215 6215 6215 6215 6215 6215 6215 6215 6215 6215 3475 9704 6215 6215 6215 6215 6215 3475 6215 6215 4399 3475 6215 6215 6215 3475 6215 3475 4399 3475 7768 3475 5892 3475 6215 3475 3475 7143 7143 6215 7174 6215 6215 4163
4093 4093 4093 4093 7174 7174 4093 4093 7174 7174 4093 4093 4093 4093 7174 7174 7174 4093 7174 7174 7174 4093 7174 4093 4093 7174 7174 7174 7174 7174 7174 7174 7174 7174 7174 4093 7174 7174 7174 7174 7174 7174 7174 7174 7174 7174 7174 7174 7174 6902
8345 8345 8345 8345 7194 7653 8345 877 40 8345 8345 4616 7194 7194 7194 7517 7517 8345 877 8345 5041 7194 7194 7194 6283 8508 4635 7194 7194 7194 7441 7194 7194 4635 7194 7194 4635 7740 172 4635 4409
5409 9357 9984 9357 5681 6705 4285 6701 1509 2980 256 5100 5381 8676 6701 5100 2980 4285 8523 2980 348 8057 9118 4353 9357 5409 8523 6701 8514 6313 951 4752 271 7140 6701 4353 5240 6701 2574 945 6701 8106 4285 8523 8523 2152 5100 9493 4107
1958 1125 1958 1958 1958 1253 1253 1253 4386 1958 1603 1125 2881 2881 1253 6143 3349 1253 4386 6143 1253 7953 2106 1958 9874 9874 2881 3349 4386 3349 1253 1253 1253 2106 2106 1958 4528 1958 2106 2106 6520 6143 1958 2881 9874 9982 9304 2881 1253 6520 2106 3349 9970 6143 1253 2106 4473 6520 2106 1958 6143 8325 2106 1253 4386 1253 3349 1603 9874 8175 4386 6520 1958 4528 1253 4386 4386 3831 2106 1958 9874 4709 1958 9836 4709 1362 2881 1603 1253 1958 4709 3831 1958 7953 1958 1008 1005 1958 1253 1362 3831 1958 9982 1958 1253
1558 3879 3350 3164 2739 9024 9944 6442 3879 2960 662 3879 8508 3350 9762 6907 7824 3350 6491 3350 877 3058 3164 5083 9762 5083 9024 2960 3058 3058 2960 5083 7611 5656 3164 5939 1558 2739 4793 8140 1558 3879 6207 1558 1558 5083 6491 1558 2960 2739 8140 5016 5016 3058 75 5656 5083 1558 6207 2960 7589 5939 6656 5345 7589 2739 5656 8140 1558 6207 6442 5345 2051 6656 3058 3879 7809 7589 2739 1558 1558 2739 2960 6491 6491 6907 5942 222 5345 6377 6377 5083 1558 2960 9024 3058 75 5083 2960 5345 9024 7824 2739 1558 7589 9762 6442 9944 2739 5939 3164 3879 2496 3058 7066 75 2960 6442 3350 5345 6907 2960 1290 1777 7290 7740 7740 6907 9654 5083 5939 2496 9944 7279 222 9762 2960 3058 5083 5083 7882 9654 3058 1558 7824 5656 1558 6656 8429 3879 4793 1558 2739 5656 2739 6207 5016 7589 6207 5656 6207 5083 3879 7066 1558 488 2739 6656 8140 5016 75 7589 2739 5656 4002 4260 5656 4061 6442 5656 4061 8998 7279 6207 2960 1558 2739 2739 2960 6656 2960 2051 1558 5016 4793 6207 5016 6656 7498 2960 2496 3879 2960 5083 9024 4793 3879
3831 2106 4709 1125 1958 1253 9304 5810 9874 1253 6143 9874 9026 692 6143 9304 9874 6143 9304 9026 2853 9874 7571 4473 219 7259 9874 6738 5543 692 2853 9982 9970 9874 7571 4473 1958 5810 4386 5810 2106 6143 2881 3349 1362 1362 7953 4528 3831 4709 697 9982 1958 1253 1958 2881 8325 1253 8325 1958 4528 2881 1362 2106 3831 2106 1253 2881 7465 2106 4528 1958 1253 9836 4709 5810 6143 3831 1958 2106 4528 2106 6520 7571 2881 1958 1125 3349 3831 3349 1125 4386 6520 1603 3349 9970 2106 5810 1125 4386 1125 6143 9304 6143 4386 9304 4386 1362 9982 1531 1253 9970 4443 2106 1253 1958 1253 936 6458 1362 7953 2881 4473 1125 9982 9874 1125 4386 6143 6143 1253 9970 2414 1253 1958 6143 5810 6520 1603 1125 4473 1253 6143 2106 1125 1005 2106 4386 2106 4709 5810 5835 6866 1958 3349 7783 4386 7953 9982 4709 3831 1603 872 1958 6866 9884 4443 1253 6866 4443 5835 1603 7783 1603 6520 6520 872 4759 4709 4709 1603 4444 1531 1008 7783 8846 3831 5835 5835 4709 2731 1958 3831 2731 872 1008 9836 5734 936 7953 3349 1958 4528 4386 4709 4709 4709 6520 1958 2106 1253
8372 4496 9239 8775 4077 1327 5379 2761 3451 1435 3107 1327 3806 7774 1367 2761 2669 9194 7475 7475 8525 8145 2877 6962 9002 4496 4665
4923 3296 4092 3697 1123 3296 635 3613 1652 9981 9834 2694 8623 5934 6589 8357 9174 6094 9981 4963 6721 9978 2694 6274
7056 6545 5371 4923 1595 280 4475 2964 4095 8342 7177 4748 6898 776 1210 7896 897 8749 2986 3799 9804 9887 3559 8749 585 4092 9764 520 7177 8010 5784 1894
9736 1560 6336 4776 8177 7612 5968 2224
466 7926 647 7078 3030 9548 4652 3965 6585 823 5206 3711 3236 1625 1536 1639 1467 3533 2197 8417 1625 5505 1694 5938 9561 2417 6749
9399 9880 9015 5893 7208 4119 1017 4054 4784 5637 7255 1668 5893 1182 606 4743 2771 8952 4094 460 1300 9882 3814 4288 1109 1109 5060 6927 1510 7681 5060 8760 1348 7681 4094 6275 5575 4915 460 183 6456 3929 1372 6025 3378 7181 1430
3768 1535 8682 6456 183 2890 613 5470 8098 2078 4966 3212 183 5470 2890 3300 3187 1429 2890 1649 8682 460 4286 1372 3026 4080 1300 3649 1109 1109 3114 8456 7815 1223 8482 4562 9651 1430 1668 7062 8440 3378 5060 3343 4642 4642 8923 4094 5714 8376 9882 5577 1430 2592 460 2592 2926 6877 2918 1539 8482 4094 3378 460 460 436 6196 8376 9080 4794 1539 3649 1539 6281 3742 1668 2918 1109 7062 3535 2926 3114 6025 8482 5575 8440 3114 5733 2656 2592 7681 606 7681 8792 5060 2078 7681 3212 4094 6602 3814 211 2842 5575 4054 3300 3041 1564 184 3649 3952
2078 5893 2078 4094 4094 8349 1309 6275 184 3649 6275 3041 8451 9651 7208 4966 1744 8482 1372 4152 6275 4094 460 9651 2918 8645 4288 8524 460 7062 8645 8315 561 1600 3870 8029 8741 4593 2696 1600 3378 8376 8741 2691 1107 144 7011 8645 8760 4593 8524 8944 7815 5982 1223 7793 6877 8760 6928 8645 7062 8482 6928 7927 707 5577 8479 561 1600 8029 5060 2918 5060 7816 9080 571 9566 5060 8741 8482 7062 7927 625 1109 7255 4054 8482 7815 2918 3361 7815 6456 2360 5575 3378 3535 6269 730 7681 5060 9389 3649 1372 9730
1510 2592 6602 4562 571 2592 4288 8456 2311 2136 8952 5060 4593 561 6806 4794 4681 6928 8532 561 561 3948 4891 2926 6877 4732 7062 4915 3343 7062 5078 3480 4465 3343 5687 730 2541 7011 2696 4201 2637 707 9661 707 2894 912 8944 8741 2287 2757 964 1846 4593 3885 1430 8760 2541 4891 9651 2691 3948 5559 7059 4642 3742 912 7275 3885 707 3742 5952 707 2918 2894 1109 5347 8524 707 7637 8440 6877 8645 5347 5952 9651 625 7681 9651 4279 5893 9777 4251
4642 9661 6928 4533 4642 2926 6877 5060 1846 7011 6255 8741 2541 6877 6928 4615 8524 6928 4348 6877 4710
1483
3135 9651 3135 7815 5007 7062 5760 9651 5713 2541 3480 8532 4744 7011 4201 4681 6281 8889 4732 9241 2541 7062 4201 5760 2637 7224 5991 1396 2541 8524 6877 7131 4348 4732 4991 4279 2037 7059 4732 5559 7379 7805 144 5559 7004 3732 3417 3835 8826
2494 3938 5923 5922 3421 3583 7841 4629 5476 8327 5852 2368 1482 5509 8460 1535 3269 9880 5476 1835 3904 785 4551 3212 2706 8639 1953 4629 9032 8488 1535 6488 2854 3938 3269 6277 5637 1357 1309 3421 4629 1395 4310 3938 916 785 7600 8962 482 7261 2776 8267 8716 8809 6488 785 9786 1612 1893 4310 184 482 916 6488 3421 1893 9003 916 5922 6990 1309 4638 184 6467 8809 1535 1893 9015 1309 5470 6736 1482 4638 184 3036 9285 522 4629 1744 5470 6990 4743 8716 482 8565 3121 8456 1612 2854 2019 916 1309 3691 4743 1658 1564 8135 4558 4094 1182 1564 2310 4119 3292
5713 7793 6785 7444 9841 6397 842 3365 4615 7609 2353 1905 6372 2637 8376 2637 3276 3742 5713 7131 4718 4201 4279 3742 4201 3276 6928 739 9722 6785 4201 8781 2037 6281 2541 7637 8741 5952 4642 8376 460 1668 6281 3885 8482 1372 5140 460 8482 8944 7131 1905 8524 8645 5743
5559 8889 8296 3270 9566 7805 2465 4732 8781 6057 7444 4732 739 46 7004 2037 8678 2758 4805 9730
3751 766 6760 3240 8678 2465 4991 244 1717 6359 3835 6841 6057 9779
4743 4629 5462 2776 8639 9786 1744 2842 1348 1564 183 3041 3378 4949 460 2592 3885 6272 4915 707 4915 7541 9651 7815 4794 8645 5347 7131 7062 5140 6928 1846 680 5140 5140 3135 3135 7062 2926 3343 912 2541 912 8524 5450 3343 707 8524 7062 1109 2894 5450 5140 6372 707 8315 680 7224 8741 8376 5140 4794 3135 7011 1600 7011 1600 5743
5982 8440 625 5347 3378 8482 4054 8440 1430 2918 4593 8376 7062 8524 3742 4732 2894 8889 657 842
5982 4562 8923 5982 8482 1600 4915 8482 8760 7011 7131 1846 6877 4732 1846 8376 4681 6928 4732 2492 4891 9722 5559 4615 2492 1968 9119 842 2758 3835 4615 8532 8034 4991 5743
3114 5060 2656 4915 3885 6587 2656 5140 4593 5450 7062 7275 5450 8524 2571 4248 2894 4615 4615 7379 5007 4201 4201 7379
8272 8631 805 252 47 3916 5875 805 805 8241 8180 2451 2451 8241 4960 4960 4916
3668 3103 8691 5924 8691 2855 6301 1962 2573 478 2363 8691 8691 6349 8691 7505 8691 8042 8990 5981 948 4901 6444 5887
2827 7158 7139 5227 5981 829 7344 7139 8732 8990 2363 6744 6460 2035 5887 6038 3193 1770 9079 6137 3128 1890 4969 2675 7969 4837
6444 6444 5077 6087 4993 5264 9979 6744 1770 1152 4901 3057 4901 2369 5026 2675 9796 9404 6460 2752 6038 1890 526 4901 526 6137 6460 3193 4901 1229 3057 2675 7613 9979 1849 9467 4993 6444 4901 4901 7613 3193 5026 1947 9892 3489 2437 6038 948 5026 5861 5981 4901 5077 5887 2363 5227 3400 5026 7139 8599 8691 2595 8691 8691 4943
5283 1717 4017 6301 1717 5622 244 2354 2354 6385 3049 685 4329 7446 6088 3103 6760 9780 6057 218 9780 3572 6841 9822 766 6072 6057 3573 6858 5672 6301 5421 3103 1717 6760 1911 1717 4329 4017 6057 8196 685 9779
1858 3049 685 3668 9780 1962 6088 6072 1717 2354 244 5622 5421 6760 5421 1717 5617 6301 1717 3240 244 5617 1345 3751 3367 7508 7444 2758 5622 9119 3835 2492 3367 5559 6359 2037 2758 214 5917 2492 4248 4615 5559 4615 1968 2492 680 2465 4615 4615 7805 2758 912 9241 5559 1968 4615 2492 2492 8781 3367 2465 7444 6882 1620 1345 3573 2700
4371 6137 9186 4901 526 1890 9079 6152 6234 2035 1849 5026 7158 8990 5077 2035 6087 5077 7158 5077 5077 5773 2387 740 6349 3375 2387 478 8691 3572 8691 7367 3668 2387 3572 2595 4450 8599 8691 2595 8042 7158 7158 1849 3057 9079 2437 4901 1770 4901 4901 4901
3757 1624 1624 9998 4339 2785 4844 8967 2862 100 4592 3051 1075 3757 7005 3051 4942 2369 2862 2599 3261 7005 9998 7969 4166 6152 7613 6137 4901 4565 5624 5026 3449 5026 3489 6744 1948 6234 7830 6744 3489 6444 6744 5861 2035 5264 5026 3489 6744 4837
526 1229 2369 4371 2437 6137 2437 6152 2599 4901 1229 1075 1947 2369 4440 6152 6038 3128 6152 2437 1075 1947 526 526 3315 5887 9404 9892 6555 1075 2369 7360 1075 2437 4837
2179 1508 252 2191 5898 1508 3261 4440 4166 3261 3757 3757 7969 9892 2212 2293 1624 7969 8653 1624 1075 2437 6908 6038 2369 7360 4371 1466 3402 2741 1624 8272 6137 3261 1624 4166 2212 9583
6137 5026 2035 4371 9079 5026 4901 5026 7613 5767 3193 3193 1849 9186 9796 3193 1890 3128 4901 7360 526 5026 2736 1947 3193 9796 4993 526 1229 4901 4901 5887 6152 5887 4901 1229 1229 2599 7613 6152 9796 2599 1229 1947 526 4901 2369 5624 3193 2675 4371 4371 6038 7613 1770 6137 3845 1624 2191 2752 4371 6152 2293 4837
8356 142 573 2342 2859 2859 3435 464 5109 9476 5740 4629 916 8356 3212 9900 1982 8440 3114 5140 8741 3135 7011 5140 3343 7011 3343 4681 680 8524 3742 7275 680 680 4615 9722 680 6928 4991 5559 2758 5622 5617 3573 6760 9780 4329 6072 3494
2354 766 1717 4017 4017 5622 6760 3240 1717 6088 6730 5972 437 3751 2354 685 5421 1707 5975 9480 6760 1792 2700 8228 4017 3367 3049 6057 3240 685 1717 1858 6760 2700 6359 6072 6301 1858 9822 6301 4329 5975 6301 3240 1858 9780 218 6023 766 5672 8196 1717 6072 5622 1514 6760 2855 437 2354 6760
4592 7969 4166 2785 4541 7416 4440 4440 1624 430 2785 4592 4371 2293 1466 2212 4440 9998 8272 7089 2437 4440 4440 6555 1624 7089 1075 2437 7969 8631 7089 9609 364 4969 7969 1508 3695 7005 5767 3402 4440 1508 7005 5624 8631 6038 1148 2713 5416 4155
2752 1624 4440 526 7360 3402 9892 3449 7613 2752 6152 1890 1947 3051 2675 2752 1770 7613 6555 2179 5296 5296 2437 4901 5416 1947 7613 1624 1229 3757 6137 1624 7969 7089 1229 2437 2437 2293 1508 7360 2752 7416 252 1947 1770 1075 6038 5416 9892 4371 1508 6038 1556 1466 1947 8272 4440 8967 1624 2179 4969 3051 2752 9979 9998 4371 1947 9167
7969 1947 6555 2752 7089 6152 7613 2191 7360 5296 7360 3402 526 7969 3128 4371 2212 3261 9071 2293 6152 8272 1624 2179 5532 2212 1229 1624 2179 1624 1624 6555 2437 1947 2736 6555 9998 9404 9998 2752 2293 526 9404 1075 1229 7089 2179 6555 3695 7089 6908 2293 526 2369 6152 2752
2670 8631 7685 4592 5898 4495 2293 4166 3695 4969 4901 3695 3275 5296 7969 3695 5898 3757 7969 1075 4440 8967 9404 4166 4166 4495 4440 1508 9609 3757 4495 7416 4166 7416 2179 547 1508 5898 5416 526 7685 8967 2293 4592 3051 8272 8967 3601 3695 2212 2437 1556
1466 9186 5416 7969 7969 4166 4541 5532 4440 674 4541 5416 430 5416 1624 4440 7005 2862 2191 4166 3315 1998 9404 5296 2862 2191 674 3261 2269 2269 2736 4440 2293 1508 1556 526 3695 3695 4440 7969 3261 7969 2179 7005 2752 2741 3261 4035 2785 2862 4440 1556 7969 2179 9892 2293 3043 1229 1508 526
7823 2862 7360 5767 4371 9404 2599 3757 5296 1624 4166 1075 7005 5719 6038 1624 2212 2862 7057 3402 6152 3128 7685 7089 1624 2293 6152 1947 3261 3275 4440 7685 8272 1624 1075 2713 1624 2293 3261 2179 1556 1508 1624 1508 3757 7089 9186 1624 7360 2752 6487 1947 1624 2269 9404 1624
6908 4440 3315 6555 1624 1466 1229 7830 5026 5861 1948 6107 5981 5077 6744 5264 5861 329 5861 4258 9079 4901 6038 6152 1890 4901 6152 1075 1770 1075 1624 2599 2293 2713 8272 8272 2437 4942 3261 1148 430 4495 3695 7089 479 8980 674 5374 6795 7773
2269 4592 3757 2785 252 4592 674 100 674 9998 7089 5532 7005 674 4541 4541 8651 674 8651 7005 3757 4166 8980 9609 3051 8967 252 3695 4541 2437 4440 1556 3051 3757 2212 8967 1947 2437 2752 2599 2179 7089 2293 1624 3128 4371 2191 526 6487 9404 7089 1624 4440 6038 2293 4440 7969 5416 7416 9583
9892 2293 4371 1508 2736 2293 8967 252 9404 3757 4166 5416 100 2191 3695 7089 1624 3757 9998 9404 4166 7089 3315 4440 3402 2713 2191 5416 7685 5532 7823 4440 1624 2752 5624 7089 1466 3402 1947 7969 2437 7613 2599 9796 4440 6152 4901 1229 5416 1947 5887 5296 2752 2437 7969 9583
3757 4440 1148 5374 3695 3695 7685 1075 4166 6908 8653 3695 2713 1466 2505 9404 3261 1947 9892 6038 1947 4440 4901 4440 2599 7416 7613 9892 7969 2675 2599 4371 5887 1229 1890 1229 1770 2675 9979 1229 2293 6152 6152 9892 1624 3315 4440 6137
3315 7416 674 4440 5296 6152 1947 9404 1556 1466 1947 526 1770 2179 8967 2293 7685 4440 3261 4541 3757 6908 1556 4440 2293 1624 3402 9892 430 3757 7969 430 1624 2179 7360 2179 5296 8967 7969 3128 2752 6038 3128 1229 4371 1075 4371 1770 2752 6555 1075 3315 5532 6152 7005 2293 6038 526 2437 3494
